第92种方法
0  0  0  0  0  0  0  1  
0  0  0  1  0  0  0  0  
1  0  0  0  0  0  0  0  
0  0  1  0  0  0  0  0  
0  0  0  0  0  1  0  0  
0  1  0  0  0  0  0  0  
0  0  0  0  0  0  1  0  
0  0  0  0  1  0  0  0  

第91种方法
0  0  0  0  0  0  0  1  
0  0  1  0  0  0  0  0  
1  0  0  0  0  0  0  0  
0  0  0  0  0  1  0  0  
0  1  0  0  0  0  0  0  
0  0  0  0  1  0  0  0  
0  0  0  0  0  0  1  0  
0  0  0  1  0  0  0  0  

第90种方法
0  0  0  0  0  0  0  1  
0  1  0  0  0  0  0  0  
0  0  0  0  1  0  0  0  
0  0  1  0  0  0  0  0  
1  0  0  0  0  0  0  0  
0  0  0  0  0  0  1  0  
0  0  0  1  0  0  0  0  
0  0  0  0  0  1  0  0  

第89种方法
0  0  0  0  0  0  0  1  
0  1  0  0  0  0  0  0  
0  0  0  1  0  0  0  0  
1  0  0  0  0  0  0  0  
0  0  0  0  0  0  1  0  
0  0  0  0  1  0  0  0  
0  0  1  0  0  0  0  0  
0  0  0  0  0  1  0  0  

第88种方法
0  0  0  0  0  0  1  0  
0  0  0  0  1  0  0  0  
0  0  1  0  0  0  0  0  
1  0  0  0  0  0  0  0  
0  0  0  0  0  1  0  0  
0  0  0  0  0  0  0  1  
0  1  0  0  0  0  0  0  
0  0  0  1  0  0  0  0  

第87种方法
0  0  0  0  0  0  1  0  
0  0  0  1  0  0  0  0  
0  1  0  0  0  0  0  0  
0  0  0  0  0  0  0  1  
0  0  0  0  0  1  0  0  
1  0  0  0  0  0  0  0  
0  0  1  0  0  0  0  0  
0  0  0  0  1  0  0  0  

第86种方法
0  0  0  0  0  0  1  0  
0  0  0  1  0  0  0  0  
0  1  0  0  0  0  0  0  
0  0  0  0  1  0  0  0  
0  0  0  0  0  0  0  1  
1  0  0  0  0  0  0  0  
0  0  1  0  0  0  0  0  
0  0  0  0  0  1  0  0  

第85种方法
0  0  0  0  0  0  1  0  
0  0  1  0  0  0  0  0  
0  0  0  0  0  0  0  1  
0  1  0  0  0  0  0  0  
0  0  0  0  1  0  0  0  
1  0  0  0  0  0  0  0  
0  0  0  0  0  1  0  0  
0  0  0  1  0  0  0  0  

第84种方法
0  0  0  0  0  0  1  0  
0  0  1  0  0  0  0  0  
1  0  0  0  0  0  0  0  
0  0  0  0  0  1  0  0  
0  0  0  0  0  0  0  1  
0  0  0  0  1  0  0  0  
0  1  0  0  0  0  0  0  
0  0  0  1  0  0  0  0  

第83种方法
0  0  0  0  0  0  1  0  
0  1  0  0  0  0  0  0  
0  0  0  0  0  1  0  0  
0  0  1  0  0  0  0  0  
1  0  0  0  0  0  0  0  
0  0  0  1  0  0  0  0  
0  0  0  0  0  0  0  1  
0  0  0  0  1  0  0  0  

第82种方法
0  0  0  0  0  0  1  0  
0  1  0  0  0  0  0  0  
0  0  0  1  0  0  0  0  
1  0  0  0  0  0  0  0  
0  0  0  0  0  0  0  1  
0  0  0  0  1  0  0  0  
0  0  1  0  0  0  0  0  
0  0  0  0  0  1  0  0  

第81种方法
0  0  0  0  0  0  1  0  
1  0  0  0  0  0  0  0  
0  0  1  0  0  0  0  0  
0  0  0  0  0  0  0  1  
0  0  0  0  0  1  0  0  
0  0  0  1  0  0  0  0  
0  1  0  0  0  0  0  0  
0  0  0  0  1  0  0  0  

第80种方法
0  0  0  0  0  1  0  0  
0  0  0  0  0  0  0  1  
0  1  0  0  0  0  0  0  
0  0  0  1  0  0  0  0  
1  0  0  0  0  0  0  0  
0  0  0  0  0  0  1  0  
0  0  0  0  1  0  0  0  
0  0  1  0  0  0  0  0  

第79种方法
0  0  0  0  0  1  0  0  
0  0  0  1  0  0  0  0  
0  0  0  0  0  0  1  0  
1  0  0  0  0  0  0  0  
0  0  0  0  0  0  0  1  
0  1  0  0  0  0  0  0  
0  0  0  0  1  0  0  0  
0  0  1  0  0  0  0  0  

第78种方法
0  0  0  0  0  1  0  0  
0  0  0  1  0  0  0  0  
0  0  0  0  0  0  1  0  
1  0  0  0  0  0  0  0  
0  0  1  0  0  0  0  0  
0  0  0  0  1  0  0  0  
0  1  0  0  0  0  0  0  
0  0  0  0  0  0  0  1  

第77种方法
0  0  0  0  0  1  0  0  
0  0  0  1  0  0  0  0  
0  1  0  0  0  0  0  0  
0  0  0  0  0  0  0  1  
0  0  0  0  1  0  0  0  
0  0  0  0  0  0  1  0  
1  0  0  0  0  0  0  0  
0  0  1  0  0  0  0  0  

第76种方法
0  0  0  0  0  1  0  0  
0  0  0  1  0  0  0  0  
1  0  0  0  0  0  0  0  
0  0  0  0  1  0  0  0  
0  0  0  0  0  0  0  1  
0  1  0  0  0  0  0  0  
0  0  0  0  0  0  1  0  
0  0  1  0  0  0  0  0  

第75种方法
0  0  0  0  0  1  0  0  
0  0  1  0  0  0  0  0  
0  0  0  0  0  0  1  0  
0  0  0  1  0  0  0  0  
1  0  0  0  0  0  0  0  
0  0  0  0  0  0  0  1  
0  1  0  0  0  0  0  0  
0  0  0  0  1  0  0  0  

第74种方法
0  0  0  0  0  1  0  0  
0  0  1  0  0  0  0  0  
0  0  0  0  0  0  1  0  
0  1  0  0  0  0  0  0  
0  0  0  0  0  0  0  1  
0  0  0  0  1  0  0  0  
1  0  0  0  0  0  0  0  
0  0  0  1  0  0  0  0  

第73种方法
0  0  0  0  0  1  0  0  
0  0  1  0  0  0  0  0  
0  0  0  0  0  0  1  0  
0  1  0  0  0  0  0  0  
0  0  0  1  0  0  0  0  
0  0  0  0  0  0  0  1  
1  0  0  0  0  0  0  0  
0  0  0  0  1  0  0  0  

第72种方法
0  0  0  0  0  1  0  0  
0  0  1  0  0  0  0  0  
0  0  0  0  1  0  0  0  
0  0  0  0  0  0  0  1  
1  0  0  0  0  0  0  0  
0  0  0  1  0  0  0  0  
0  1  0  0  0  0  0  0  
0  0  0  0  0  0  1  0  

第71种方法
0  0  0  0  0  1  0  0  
0  0  1  0  0  0  0  0  
0  0  0  0  1  0  0  0  
0  0  0  0  0  0  1  0  
1  0  0  0  0  0  0  0  
0  0  0  1  0  0  0  0  
0  1  0  0  0  0  0  0  
0  0  0  0  0  0  0  1  

第70种方法
0  0  0  0  0  1  0  0  
0  0  1  0  0  0  0  0  
1  0  0  0  0  0  0  0  
0  0  0  0  0  0  0  1  
0  0  0  0  1  0  0  0  
0  1  0  0  0  0  0  0  
0  0  0  1  0  0  0  0  
0  0  0  0  0  0  1  0  

第69种方法
0  0  0  0  0  1  0  0  
0  0  1  0  0  0  0  0  
1  0  0  0  0  0  0  0  
0  0  0  0  0  0  0  1  
0  0  0  1  0  0  0  0  
0  1  0  0  0  0  0  0  
0  0  0  0  0  0  1  0  
0  0  0  0  1  0  0  0  

第68种方法
0  0  0  0  0  1  0  0  
0  0  1  0  0  0  0  0  
1  0  0  0  0  0  0  0  
0  0  0  0  0  0  1  0  
0  0  0  0  1  0  0  0  
0  0  0  0  0  0  0  1  
0  1  0  0  0  0  0  0  
0  0  0  1  0  0  0  0  

第67种方法
0  0  0  0  0  1  0  0  
0  1  0  0  0  0  0  0  
0  0  0  0  0  0  1  0  
1  0  0  0  0  0  0  0  
0  0  0  1  0  0  0  0  
0  0  0  0  0  0  0  1  
0  0  0  0  1  0  0  0  
0  0  1  0  0  0  0  0  

第66种方法
0  0  0  0  0  1  0  0  
0  1  0  0  0  0  0  0  
0  0  0  0  0  0  1  0  
1  0  0  0  0  0  0  0  
0  0  1  0  0  0  0  0  
0  0  0  0  1  0  0  0  
0  0  0  0  0  0  0  1  
0  0  0  1  0  0  0  0  

第65种方法
0  0  0  0  0  1  0  0  
1  0  0  0  0  0  0  0  
0  0  0  0  1  0  0  0  
0  1  0  0  0  0  0  0  
0  0  0  0  0  0  0  1  
0  0  1  0  0  0  0  0  
0  0  0  0  0  0  1  0  
0  0  0  1  0  0  0  0  

第64种方法
0  0  0  0  1  0  0  0  
0  0  0  0  0  0  0  1  
0  0  0  1  0  0  0  0  
1  0  0  0  0  0  0  0  
0  0  0  0  0  0  1  0  
0  1  0  0  0  0  0  0  
0  0  0  0  0  1  0  0  
0  0  1  0  0  0  0  0  

第63种方法
0  0  0  0  1  0  0  0  
0  0  0  0  0  0  0  1  
0  0  0  1  0  0  0  0  
1  0  0  0  0  0  0  0  
0  0  1  0  0  0  0  0  
0  0  0  0  0  1  0  0  
0  1  0  0  0  0  0  0  
0  0  0  0  0  0  1  0  

第62种方法
0  0  0  0  1  0  0  0  
0  0  0  0  0  0  1  0  
0  0  0  1  0  0  0  0  
1  0  0  0  0  0  0  0  
0  0  1  0  0  0  0  0  
0  0  0  0  0  0  0  1  
0  0  0  0  0  1  0  0  
0  1  0  0  0  0  0  0  

第61种方法
0  0  0  0  1  0  0  0  
0  0  0  0  0  0  1  0  
0  1  0  0  0  0  0  0  
0  0  0  0  0  1  0  0  
0  0  1  0  0  0  0  0  
1  0  0  0  0  0  0  0  
0  0  0  0  0  0  0  1  
0  0  0  1  0  0  0  0  

第60种方法
0  0  0  0  1  0  0  0  
0  0  0  0  0  0  1  0  
0  1  0  0  0  0  0  0  
0  0  0  0  0  1  0  0  
0  0  1  0  0  0  0  0  
1  0  0  0  0  0  0  0  
0  0  0  1  0  0  0  0  
0  0  0  0  0  0  0  1  

第59种方法
0  0  0  0  1  0  0  0  
0  0  0  0  0  0  1  0  
0  1  0  0  0  0  0  0  
0  0  0  1  0  0  0  0  
0  0  0  0  0  0  0  1  
1  0  0  0  0  0  0  0  
0  0  1  0  0  0  0  0  
0  0  0  0  0  1  0  0  

第58种方法
0  0  0  0  1  0  0  0  
0  0  0  0  0  0  1  0  
1  0  0  0  0  0  0  0  
0  0  0  1  0  0  0  0  
0  1  0  0  0  0  0  0  
0  0  0  0  0  0  0  1  
0  0  0  0  0  1  0  0  
0  0  1  0  0  0  0  0  

第57种方法
0  0  0  0  1  0  0  0  
0  0  0  0  0  0  1  0  
1  0  0  0  0  0  0  0  
0  0  1  0  0  0  0  0  
0  0  0  0  0  0  0  1  
0  0  0  0  0  1  0  0  
0  0  0  1  0  0  0  0  
0  1  0  0  0  0  0  0  

第56种方法
0  0  0  0  1  0  0  0  
0  0  1  0  0  0  0  0  
0  0  0  0  0  0  0  1  
0  0  0  1  0  0  0  0  
0  0  0  0  0  0  1  0  
1  0  0  0  0  0  0  0  
0  0  0  0  0  1  0  0  
0  1  0  0  0  0  0  0  

第55种方法
0  0  0  0  1  0  0  0  
0  0  1  0  0  0  0  0  
1  0  0  0  0  0  0  0  
0  0  0  0  0  0  1  0  
0  1  0  0  0  0  0  0  
0  0  0  0  0  0  0  1  
0  0  0  0  0  1  0  0  
0  0  0  1  0  0  0  0  

第54种方法
0  0  0  0  1  0  0  0  
0  0  1  0  0  0  0  0  
1  0  0  0  0  0  0  0  
0  0  0  0  0  1  0  0  
0  0  0  0  0  0  0  1  
0  1  0  0  0  0  0  0  
0  0  0  1  0  0  0  0  
0  0  0  0  0  0  1  0  

第53种方法
0  0  0  0  1  0  0  0  
0  1  0  0  0  0  0  0  
0  0  0  0  0  0  0  1  
1  0  0  0  0  0  0  0  
0  0  0  1  0  0  0  0  
0  0  0  0  0  0  1  0  
0  0  1  0  0  0  0  0  
0  0  0  0  0  1  0  0  

第52种方法
0  0  0  0  1  0  0  0  
0  1  0  0  0  0  0  0  
0  0  0  0  0  1  0  0  
1  0  0  0  0  0  0  0  
0  0  0  0  0  0  1  0  
0  0  0  1  0  0  0  0  
0  0  0  0  0  0  0  1  
0  0  1  0  0  0  0  0  

第51种方法
0  0  0  0  1  0  0  0  
0  1  0  0  0  0  0  0  
0  0  0  1  0  0  0  0  
0  0  0  0  0  0  1  0  
0  0  1  0  0  0  0  0  
0  0  0  0  0  0  0  1  
0  0  0  0  0  1  0  0  
1  0  0  0  0  0  0  0  

第50种方法
0  0  0  0  1  0  0  0  
0  1  0  0  0  0  0  0  
0  0  0  1  0  0  0  0  
0  0  0  0  0  1  0  0  
0  0  0  0  0  0  0  1  
0  0  1  0  0  0  0  0  
1  0  0  0  0  0  0  0  
0  0  0  0  0  0  1  0  

第49种方法
0  0  0  0  1  0  0  0  
1  0  0  0  0  0  0  0  
0  0  0  0  0  0  0  1  
0  0  0  0  0  1  0  0  
0  0  1  0  0  0  0  0  
0  0  0  0  0  0  1  0  
0  1  0  0  0  0  0  0  
0  0  0  1  0  0  0  0  

第48种方法
0  0  0  0  1  0  0  0  
1  0  0  0  0  0  0  0  
0  0  0  0  0  0  0  1  
0  0  0  1  0  0  0  0  
0  1  0  0  0  0  0  0  
0  0  0  0  0  0  1  0  
0  0  1  0  0  0  0  0  
0  0  0  0  0  1  0  0  

第47种方法
0  0  0  0  1  0  0  0  
1  0  0  0  0  0  0  0  
0  0  0  1  0  0  0  0  
0  0  0  0  0  1  0  0  
0  0  0  0  0  0  0  1  
0  1  0  0  0  0  0  0  
0  0  0  0  0  0  1  0  
0  0  1  0  0  0  0  0  

第46种方法
0  0  0  1  0  0  0  0  
0  0  0  0  0  0  0  1  
0  0  0  0  1  0  0  0  
0  0  1  0  0  0  0  0  
1  0  0  0  0  0  0  0  
0  0  0  0  0  0  1  0  
0  1  0  0  0  0  0  0  
0  0  0  0  0  1  0  0  

第45种方法
0  0  0  1  0  0  0  0  
0  0  0  0  0  0  0  1  
1  0  0  0  0  0  0  0  
0  0  0  0  1  0  0  0  
0  0  0  0  0  0  1  0  
0  1  0  0  0  0  0  0  
0  0  0  0  0  1  0  0  
0  0  1  0  0  0  0  0  

第44种方法
0  0  0  1  0  0  0  0  
0  0  0  0  0  0  0  1  
1  0  0  0  0  0  0  0  
0  0  1  0  0  0  0  0  
0  0  0  0  0  1  0  0  
0  1  0  0  0  0  0  0  
0  0  0  0  0  0  1  0  
0  0  0  0  1  0  0  0  

第43种方法
0  0  0  1  0  0  0  0  
0  0  0  0  0  0  1  0  
0  0  0  0  1  0  0  0  
0  0  1  0  0  0  0  0  
1  0  0  0  0  0  0  0  
0  0  0  0  0  1  0  0  
0  0  0  0  0  0  0  1  
0  1  0  0  0  0  0  0  

第42种方法
0  0  0  1  0  0  0  0  
0  0  0  0  0  0  1  0  
0  0  0  0  1  0  0  0  
0  1  0  0  0  0  0  0  
0  0  0  0  0  1  0  0  
1  0  0  0  0  0  0  0  
0  0  1  0  0  0  0  0  
0  0  0  0  0  0  0  1  

第41种方法
0  0  0  1  0  0  0  0  
0  0  0  0  0  0  1  0  
0  0  1  0  0  0  0  0  
0  0  0  0  0  0  0  1  
0  1  0  0  0  0  0  0  
0  0  0  0  1  0  0  0  
1  0  0  0  0  0  0  0  
0  0  0  0  0  1  0  0  

第40种方法
0  0  0  1  0  0  0  0  
0  0  0  0  0  0  1  0  
1  0  0  0  0  0  0  0  
0  0  0  0  0  0  0  1  
0  0  0  0  1  0  0  0  
0  1  0  0  0  0  0  0  
0  0  0  0  0  1  0  0  
0  0  1  0  0  0  0  0  

第39种方法
0  0  0  1  0  0  0  0  
0  0  0  0  0  1  0  0  
0  0  0  0  0  0  0  1  
0  0  1  0  0  0  0  0  
1  0  0  0  0  0  0  0  
0  0  0  0  0  0  1  0  
0  0  0  0  1  0  0  0  
0  1  0  0  0  0  0  0  

第38种方法
0  0  0  1  0  0  0  0  
0  0  0  0  0  1  0  0  
0  0  0  0  0  0  0  1  
0  1  0  0  0  0  0  0  
0  0  0  0  0  0  1  0  
1  0  0  0  0  0  0  0  
0  0  1  0  0  0  0  0  
0  0  0  0  1  0  0  0  

第37种方法
0  0  0  1  0  0  0  0  
0  0  0  0  0  1  0  0  
1  0  0  0  0  0  0  0  
0  0  0  0  1  0  0  0  
0  1  0  0  0  0  0  0  
0  0  0  0  0  0  0  1  
0  0  1  0  0  0  0  0  
0  0  0  0  0  0  1  0  

第36种方法
0  0  0  1  0  0  0  0  
0  1  0  0  0  0  0  0  
0  0  0  0  0  0  0  1  
0  0  0  0  0  1  0  0  
1  0  0  0  0  0  0  0  
0  0  1  0  0  0  0  0  
0  0  0  0  1  0  0  0  
0  0  0  0  0  0  1  0  

第35种方法
0  0  0  1  0  0  0  0  
0  1  0  0  0  0  0  0  
0  0  0  0  0  0  0  1  
0  0  0  0  1  0  0  0  
0  0  0  0  0  0  1  0  
1  0  0  0  0  0  0  0  
0  0  1  0  0  0  0  0  
0  0  0  0  0  1  0  0  

第34种方法
0  0  0  1  0  0  0  0  
0  1  0  0  0  0  0  0  
0  0  0  0  0  0  1  0  
0  0  0  0  1  0  0  0  
1  0  0  0  0  0  0  0  
0  0  0  0  0  0  0  1  
0  0  0  0  0  1  0  0  
0  0  1  0  0  0  0  0  

第33种方法
0  0  0  1  0  0  0  0  
0  1  0  0  0  0  0  0  
0  0  0  0  0  0  1  0  
0  0  1  0  0  0  0  0  
0  0  0  0  0  1  0  0  
0  0  0  0  0  0  0  1  
0  0  0  0  1  0  0  0  
1  0  0  0  0  0  0  0  

第32种方法
0  0  0  1  0  0  0  0  
0  1  0  0  0  0  0  0  
0  0  0  0  0  0  1  0  
0  0  1  0  0  0  0  0  
0  0  0  0  0  1  0  0  
0  0  0  0  0  0  0  1  
1  0  0  0  0  0  0  0  
0  0  0  0  1  0  0  0  

第31种方法
0  0  0  1  0  0  0  0  
0  1  0  0  0  0  0  0  
0  0  0  0  1  0  0  0  
0  0  0  0  0  0  0  1  
0  0  0  0  0  1  0  0  
1  0  0  0  0  0  0  0  
0  0  1  0  0  0  0  0  
0  0  0  0  0  0  1  0  

第30种方法
0  0  0  1  0  0  0  0  
1  0  0  0  0  0  0  0  
0  0  0  0  1  0  0  0  
0  0  0  0  0  0  0  1  
0  0  0  0  0  1  0  0  
0  0  1  0  0  0  0  0  
0  0  0  0  0  0  1  0  
0  1  0  0  0  0  0  0  

第29种方法
0  0  0  1  0  0  0  0  
1  0  0  0  0  0  0  0  
0  0  0  0  1  0  0  0  
0  0  0  0  0  0  0  1  
0  1  0  0  0  0  0  0  
0  0  0  0  0  0  1  0  
0  0  1  0  0  0  0  0  
0  0  0  0  0  1  0  0  

第28种方法
0  0  1  0  0  0  0  0  
0  0  0  0  0  0  0  1  
0  0  0  1  0  0  0  0  
0  0  0  0  0  0  1  0  
1  0  0  0  0  0  0  0  
0  0  0  0  0  1  0  0  
0  1  0  0  0  0  0  0  
0  0  0  0  1  0  0  0  

第27种方法
0  0  1  0  0  0  0  0  
0  0  0  0  0  0  1  0  
0  1  0  0  0  0  0  0  
0  0  0  0  0  0  0  1  
0  0  0  0  0  1  0  0  
0  0  0  1  0  0  0  0  
1  0  0  0  0  0  0  0  
0  0  0  0  1  0  0  0  

第26种方法
0  0  1  0  0  0  0  0  
0  0  0  0  0  0  1  0  
0  1  0  0  0  0  0  0  
0  0  0  0  0  0  0  1  
0  0  0  0  1  0  0  0  
1  0  0  0  0  0  0  0  
0  0  0  1  0  0  0  0  
0  0  0  0  0  1  0  0  

第25种方法
0  0  1  0  0  0  0  0  
0  0  0  0  0  1  0  0  
0  0  0  0  0  0  0  1  
0  1  0  0  0  0  0  0  
0  0  0  1  0  0  0  0  
1  0  0  0  0  0  0  0  
0  0  0  0  0  0  1  0  
0  0  0  0  1  0  0  0  

第24种方法
0  0  1  0  0  0  0  0  
0  0  0  0  0  1  0  0  
0  0  0  0  0  0  0  1  
1  0  0  0  0  0  0  0  
0  0  0  0  1  0  0  0  
0  0  0  0  0  0  1  0  
0  1  0  0  0  0  0  0  
0  0  0  1  0  0  0  0  

第23种方法
0  0  1  0  0  0  0  0  
0  0  0  0  0  1  0  0  
0  0  0  0  0  0  0  1  
1  0  0  0  0  0  0  0  
0  0  0  1  0  0  0  0  
0  0  0  0  0  0  1  0  
0  0  0  0  1  0  0  0  
0  1  0  0  0  0  0  0  

第22种方法
0  0  1  0  0  0  0  0  
0  0  0  0  0  1  0  0  
0  0  0  1  0  0  0  0  
0  1  0  0  0  0  0  0  
0  0  0  0  0  0  0  1  
0  0  0  0  1  0  0  0  
0  0  0  0  0  0  1  0  
1  0  0  0  0  0  0  0  

第21种方法
0  0  1  0  0  0  0  0  
0  0  0  0  0  1  0  0  
0  0  0  1  0  0  0  0  
1  0  0  0  0  0  0  0  
0  0  0  0  0  0  0  1  
0  0  0  0  1  0  0  0  
0  0  0  0  0  0  1  0  
0  1  0  0  0  0  0  0  

第20种方法
0  0  1  0  0  0  0  0  
0  0  0  0  0  1  0  0  
0  1  0  0  0  0  0  0  
0  0  0  0  0  0  1  0  
0  0  0  0  1  0  0  0  
1  0  0  0  0  0  0  0  
0  0  0  0  0  0  0  1  
0  0  0  1  0  0  0  0  

第19种方法
0  0  1  0  0  0  0  0  
0  0  0  0  0  1  0  0  
0  1  0  0  0  0  0  0  
0  0  0  0  0  0  1  0  
1  0  0  0  0  0  0  0  
0  0  0  1  0  0  0  0  
0  0  0  0  0  0  0  1  
0  0  0  0  1  0  0  0  

第18种方法
0  0  1  0  0  0  0  0  
0  0  0  0  0  1  0  0  
0  1  0  0  0  0  0  0  
0  0  0  0  1  0  0  0  
0  0  0  0  0  0  0  1  
1  0  0  0  0  0  0  0  
0  0  0  0  0  0  1  0  
0  0  0  1  0  0  0  0  

第17种方法
0  0  1  0  0  0  0  0  
0  0  0  0  1  0  0  0  
0  0  0  0  0  0  0  1  
0  0  0  1  0  0  0  0  
1  0  0  0  0  0  0  0  
0  0  0  0  0  0  1  0  
0  1  0  0  0  0  0  0  
0  0  0  0  0  1  0  0  

第16种方法
0  0  1  0  0  0  0  0  
0  0  0  0  1  0  0  0  
0  0  0  0  0  0  1  0  
1  0  0  0  0  0  0  0  
0  0  0  1  0  0  0  0  
0  1  0  0  0  0  0  0  
0  0  0  0  0  0  0  1  
0  0  0  0  0  1  0  0  

第15种方法
0  0  1  0  0  0  0  0  
0  0  0  0  1  0  0  0  
0  1  0  0  0  0  0  0  
0  0  0  0  0  0  0  1  
0  0  0  0  0  1  0  0  
0  0  0  1  0  0  0  0  
0  0  0  0  0  0  1  0  
1  0  0  0  0  0  0  0  

第14种方法
0  0  1  0  0  0  0  0  
0  0  0  0  1  0  0  0  
0  1  0  0  0  0  0  0  
0  0  0  0  0  0  0  1  
1  0  0  0  0  0  0  0  
0  0  0  0  0  0  1  0  
0  0  0  1  0  0  0  0  
0  0  0  0  0  1  0  0  

第13种方法
0  0  1  0  0  0  0  0  
1  0  0  0  0  0  0  0  
0  0  0  0  0  0  1  0  
0  0  0  0  1  0  0  0  
0  0  0  0  0  0  0  1  
0  1  0  0  0  0  0  0  
0  0  0  1  0  0  0  0  
0  0  0  0  0  1  0  0  

第12种方法
0  1  0  0  0  0  0  0  
0  0  0  0  0  0  0  1  
0  0  0  0  0  1  0  0  
1  0  0  0  0  0  0  0  
0  0  1  0  0  0  0  0  
0  0  0  0  1  0  0  0  
0  0  0  0  0  0  1  0  
0  0  0  1  0  0  0  0  

第11种方法
0  1  0  0  0  0  0  0  
0  0  0  0  0  0  1  0  
0  0  0  0  1  0  0  0  
0  0  0  0  0  0  0  1  
1  0  0  0  0  0  0  0  
0  0  0  1  0  0  0  0  
0  0  0  0  0  1  0  0  
0  0  1  0  0  0  0  0  

第10种方法
0  1  0  0  0  0  0  0  
0  0  0  0  0  0  1  0  
0  0  1  0  0  0  0  0  
0  0  0  0  0  1  0  0  
0  0  0  0  0  0  0  1  
0  0  0  0  1  0  0  0  
1  0  0  0  0  0  0  0  
0  0  0  1  0  0  0  0  

第9种方法
0  1  0  0  0  0  0  0  
0  0  0  0  0  1  0  0  
0  0  0  0  0  0  0  1  
0  0  1  0  0  0  0  0  
1  0  0  0  0  0  0  0  
0  0  0  1  0  0  0  0  
0  0  0  0  0  0  1  0  
0  0  0  0  1  0  0  0  

第8种方法
0  1  0  0  0  0  0  0  
0  0  0  0  0  1  0  0  
1  0  0  0  0  0  0  0  
0  0  0  0  0  0  1  0  
0  0  0  1  0  0  0  0  
0  0  0  0  0  0  0  1  
0  0  1  0  0  0  0  0  
0  0  0  0  1  0  0  0  

第7种方法
0  1  0  0  0  0  0  0  
0  0  0  0  1  0  0  0  
0  0  0  0  0  0  1  0  
0  0  0  1  0  0  0  0  
1  0  0  0  0  0  0  0  
0  0  0  0  0  0  0  1  
0  0  0  0  0  1  0  0  
0  0  1  0  0  0  0  0  

第6种方法
0  1  0  0  0  0  0  0  
0  0  0  0  1  0  0  0  
0  0  0  0  0  0  1  0  
1  0  0  0  0  0  0  0  
0  0  1  0  0  0  0  0  
0  0  0  0  0  0  0  1  
0  0  0  0  0  1  0  0  
0  0  0  1  0  0  0  0  

第5种方法
0  1  0  0  0  0  0  0  
0  0  0  1  0  0  0  0  
0  0  0  0  0  1  0  0  
0  0  0  0  0  0  0  1  
0  0  1  0  0  0  0  0  
1  0  0  0  0  0  0  0  
0  0  0  0  0  0  1  0  
0  0  0  0  1  0  0  0  

第4种方法
1  0  0  0  0  0  0  0  
0  0  0  0  0  0  1  0  
0  0  0  0  1  0  0  0  
0  0  0  0  0  0  0  1  
0  1  0  0  0  0  0  0  
0  0  0  1  0  0  0  0  
0  0  0  0  0  1  0  0  
0  0  1  0  0  0  0  0  

第3种方法
1  0  0  0  0  0  0  0  
0  0  0  0  0  0  1  0  
0  0  0  1  0  0  0  0  
0  0  0  0  0  1  0  0  
0  0  0  0  0  0  0  1  
0  1  0  0  0  0  0  0  
0  0  0  0  1  0  0  0  
0  0  1  0  0  0  0  0  

第2种方法
1  0  0  0  0  0  0  0  
0  0  0  0  0  1  0  0  
0  0  0  0  0  0  0  1  
0  0  1  0  0  0  0  0  
0  0  0  0  0  0  1  0  
0  0  0  1  0  0  0  0  
0  1  0  0  0  0  0  0  
0  0  0  0  1  0  0  0  

第1种方法
1  0  0  0  0  0  0  0  
0  0  0  0  1  0  0  0  
0  0  0  0  0  0  0  1  
0  0  0  0  0  1  0  0  
0  0  1  0  0  0  0  0  
0  0  0  0  0  0  1  0  
0  1  0  0  0  0  0  0  
0  0  0  1  0  0  0  0  

